{
 "cells": [
  {
   "cell_type": "markdown",
   "id": "boolean-conclusion",
   "metadata": {},
   "source": [
    "# Correlation\n",
    "\n",
    "Some plots visualize a transformation of the original data set. Use a stat parameter to choose a common transformation to visualize.\n",
    "\n",
    "Each stat creates additional variables to map aesthetics to. These variables use a common ..name.. syntax.\n",
    "\n",
    "Look at the examples below."
   ]
  },
  {
   "cell_type": "code",
   "execution_count": 1,
   "id": "recognized-spectacular",
   "metadata": {},
   "outputs": [
    {
     "data": {
      "text/html": [
       "\n",
       "            <div id=\"UW3tBK\"></div>\n",
       "            <script type=\"text/javascript\" data-lets-plot-script=\"library\">\n",
       "                if(!window.letsPlotCallQueue) {\n",
       "                    window.letsPlotCallQueue = [];\n",
       "                }; \n",
       "                window.letsPlotCall = function(f) {\n",
       "                    window.letsPlotCallQueue.push(f);\n",
       "                };\n",
       "                (function() {\n",
       "                    var script = document.createElement(\"script\");\n",
       "                    script.type = \"text/javascript\";\n",
       "                    script.src = \"https://cdn.jsdelivr.net/gh/JetBrains/lets-plot@v2.0.4/js-package/distr/lets-plot.min.js\";\n",
       "                    script.onload = function() {\n",
       "                        window.letsPlotCall = function(f) {f();};\n",
       "                        window.letsPlotCallQueue.forEach(function(f) {f();});\n",
       "                        window.letsPlotCallQueue = [];\n",
       "                        \n",
       "                    };\n",
       "                    script.onerror = function(event) {\n",
       "                        window.letsPlotCall = function(f) {};    // noop\n",
       "                        window.letsPlotCallQueue = [];\n",
       "                        var div = document.createElement(\"div\");\n",
       "                        div.style.color = 'darkred';\n",
       "                        div.textContent = 'Error loading Lets-Plot JS';\n",
       "                        document.getElementById(\"UW3tBK\").appendChild(div);\n",
       "                    };\n",
       "                    var e = document.getElementById(\"UW3tBK\");\n",
       "                    e.appendChild(script);\n",
       "                })()\n",
       "            </script>\n",
       "            "
      ]
     },
     "metadata": {},
     "output_type": "display_data"
    }
   ],
   "source": [
    "import pandas as pd\n",
    "\n",
    "from lets_plot import *\n",
    "from lets_plot.bistro.corr import *\n",
    "LetsPlot.setup_html()"
   ]
  },
  {
   "cell_type": "code",
   "execution_count": 2,
   "id": "interesting-championship",
   "metadata": {},
   "outputs": [],
   "source": [
    "df = pd.read_csv('https://raw.githubusercontent.com/JetBrains/lets-plot-docs/master/data/mpg.csv')"
   ]
  },
  {
   "cell_type": "code",
   "execution_count": 3,
   "id": "respected-elevation",
   "metadata": {},
   "outputs": [
    {
     "data": {
      "text/html": [
       "   <div id=\"MfCkJi\"></div>\n",
       "   <script type=\"text/javascript\" data-lets-plot-script=\"plot\">\n",
       "       (function() {\n",
       "           var plotSpec={\n",
       "\"kind\":\"ggbunch\",\n",
       "\"items\":[{\n",
       "\"x\":0,\n",
       "\"y\":0,\n",
       "\"width\":400,\n",
       "\"height\":300,\n",
       "\"feature_spec\":{\n",
       "\"data\":{\n",
       "},\n",
       "\"mapping\":{\n",
       "},\n",
       "\"data_meta\":{\n",
       "},\n",
       "\"coord\":{\n",
       "\"name\":\"fixed\",\n",
       "\"ratio\":1.0\n",
       "},\n",
       "\"theme\":{\n",
       "\"axis_title\":{\n",
       "\"name\":\"blank\"\n",
       "},\n",
       "\"axis_line_x\":{\n",
       "\"name\":\"blank\"\n",
       "},\n",
       "\"axis_line_y\":{\n",
       "\"name\":\"blank\"\n",
       "},\n",
       "\"legend_title\":{\n",
       "\"name\":\"blank\"\n",
       "}\n",
       "},\n",
       "\"ggsize\":{\n",
       "\"width\":400,\n",
       "\"height\":300.0\n",
       "},\n",
       "\"ggtitle\":{\n",
       "\"text\":\"corr_plot(): stat=\\\"corr\\\" (default)\"\n",
       "},\n",
       "\"kind\":\"plot\",\n",
       "\"scales\":[{\n",
       "\"name\":\"\",\n",
       "\"aesthetic\":\"size\",\n",
       "\"na_value\":0,\n",
       "\"guide\":\"none\",\n",
       "\"scale_mapper_kind\":\"identity\"\n",
       "},{\n",
       "\"name\":\"Corr\",\n",
       "\"aesthetic\":\"color\",\n",
       "\"breaks\":[-1.0,-0.5,0.0,0.5,1.0],\n",
       "\"limits\":[-1.0,1.0],\n",
       "\"na_value\":\"rgba(0,0,0,0)\",\n",
       "\"low\":\"#B3412C\",\n",
       "\"mid\":\"#EDEDED\",\n",
       "\"high\":\"#326C81\",\n",
       "\"midpoint\":0,\n",
       "\"scale_mapper_kind\":\"color_gradient2\"\n",
       "},{\n",
       "\"name\":\"Corr\",\n",
       "\"aesthetic\":\"fill\",\n",
       "\"breaks\":[-1.0,-0.5,0.0,0.5,1.0],\n",
       "\"limits\":[-1.0,1.0],\n",
       "\"na_value\":\"rgba(0,0,0,0)\",\n",
       "\"low\":\"#B3412C\",\n",
       "\"mid\":\"#EDEDED\",\n",
       "\"high\":\"#326C81\",\n",
       "\"midpoint\":0,\n",
       "\"scale_mapper_kind\":\"color_gradient2\"\n",
       "},{\n",
       "\"aesthetic\":\"x\",\n",
       "\"discrete\":true,\n",
       "\"reverse\":false\n",
       "},{\n",
       "\"aesthetic\":\"y\",\n",
       "\"discrete\":true,\n",
       "\"reverse\":false\n",
       "}],\n",
       "\"layers\":[{\n",
       "\"geom\":\"point\",\n",
       "\"stat\":\"corr\",\n",
       "\"mapping\":{\n",
       "\"size\":\"..corr_abs..\"\n",
       "},\n",
       "\"show_legend\":true,\n",
       "\"sampling\":\"none\",\n",
       "\"tooltips\":{\n",
       "\"tooltip_formats\":[{\n",
       "\"field\":\"@..corr..\",\n",
       "\"format\":\".2f\"\n",
       "}],\n",
       "\"tooltip_lines\":[\"@..corr..\"]\n",
       "},\n",
       "\"data_meta\":{\n",
       "},\n",
       "\"size_unit\":\"x\",\n",
       "\"data\":{\n",
       "\"..x..\":[\"Unnamed: 0\",\"Unnamed: 0\",\"Unnamed: 0\",\"Unnamed: 0\",\"Unnamed: 0\",\"Unnamed: 0\",\"displ\",\"displ\",\"displ\",\"displ\",\"displ\",\"displ\",\"year\",\"year\",\"year\",\"year\",\"year\",\"year\",\"cyl\",\"cyl\",\"cyl\",\"cyl\",\"cyl\",\"cyl\",\"cty\",\"cty\",\"cty\",\"cty\",\"cty\",\"cty\",\"hwy\",\"hwy\",\"hwy\",\"hwy\",\"hwy\",\"hwy\"],\n",
       "\"..y..\":[\"Unnamed: 0\",\"displ\",\"year\",\"cyl\",\"cty\",\"hwy\",\"Unnamed: 0\",\"displ\",\"year\",\"cyl\",\"cty\",\"hwy\",\"Unnamed: 0\",\"displ\",\"year\",\"cyl\",\"cty\",\"hwy\",\"Unnamed: 0\",\"displ\",\"year\",\"cyl\",\"cty\",\"hwy\",\"Unnamed: 0\",\"displ\",\"year\",\"cyl\",\"cty\",\"hwy\",\"Unnamed: 0\",\"displ\",\"year\",\"cyl\",\"cty\",\"hwy\"],\n",
       "\"..corr..\":[1.0,-0.40245886963628696,-0.07357708684192776,-0.40769814649915775,0.4018223311281611,0.3270459753983517,-0.40245886963628696,1.0,0.14784281645020295,0.9302271024198506,-0.7985239689348548,-0.7660200208864677,-0.07357708684192776,0.14784281645020295,1.0,0.1222453474355237,-0.0372322908599655,0.0021576430766320123,-0.40769814649915775,0.9302271024198506,0.1222453474355237,1.0,-0.8057714082675279,-0.7619123538971942,0.4018223311281611,-0.7985239689348548,-0.0372322908599655,-0.8057714082675279,1.0,0.9559159136495734,0.3270459753983517,-0.7660200208864677,0.0021576430766320123,-0.7619123538971942,0.9559159136495734,1.0],\n",
       "\"..corr_abs..\":[1.0,0.40245886963628696,0.07357708684192776,0.40769814649915775,0.4018223311281611,0.3270459753983517,0.40245886963628696,1.0,0.14784281645020295,0.9302271024198506,0.7985239689348548,0.7660200208864677,0.07357708684192776,0.14784281645020295,1.0,0.1222453474355237,0.0372322908599655,0.0021576430766320123,0.40769814649915775,0.9302271024198506,0.1222453474355237,1.0,0.8057714082675279,0.7619123538971942,0.4018223311281611,0.7985239689348548,0.0372322908599655,0.8057714082675279,1.0,0.9559159136495734,0.3270459753983517,0.7660200208864677,0.0021576430766320123,0.7619123538971942,0.9559159136495734,1.0]\n",
       "}\n",
       "}]\n",
       "}\n",
       "},{\n",
       "\"x\":400,\n",
       "\"y\":0,\n",
       "\"width\":400,\n",
       "\"height\":300,\n",
       "\"feature_spec\":{\n",
       "\"data\":{\n",
       "},\n",
       "\"mapping\":{\n",
       "},\n",
       "\"data_meta\":{\n",
       "},\n",
       "\"coord\":{\n",
       "\"name\":\"fixed\",\n",
       "\"ratio\":1.0\n",
       "},\n",
       "\"ggtitle\":{\n",
       "\"text\":\"geom_point(): stat=\\\"corr\\\"\"\n",
       "},\n",
       "\"theme\":{\n",
       "\"axis_title\":\"blank\"\n",
       "},\n",
       "\"kind\":\"plot\",\n",
       "\"scales\":[{\n",
       "\"name\":\"Corr\",\n",
       "\"aesthetic\":\"fill\",\n",
       "\"low\":\"#ca0020\",\n",
       "\"mid\":\"#f7f7f7\",\n",
       "\"high\":\"#0571b0\",\n",
       "\"midpoint\":0,\n",
       "\"scale_mapper_kind\":\"color_gradient2\"\n",
       "},{\n",
       "\"name\":\"\",\n",
       "\"aesthetic\":\"size\",\n",
       "\"max_size\":1,\n",
       "\"scale_mapper_kind\":\"size_area\"\n",
       "}],\n",
       "\"layers\":[{\n",
       "\"geom\":\"point\",\n",
       "\"stat\":\"corr\",\n",
       "\"mapping\":{\n",
       "\"size\":\"..corr_abs..\"\n",
       "},\n",
       "\"data_meta\":{\n",
       "},\n",
       "\"shape\":21,\n",
       "\"color\":\"black\",\n",
       "\"data\":{\n",
       "\"..x..\":[\"Unnamed: 0\",\"Unnamed: 0\",\"Unnamed: 0\",\"Unnamed: 0\",\"Unnamed: 0\",\"Unnamed: 0\",\"displ\",\"displ\",\"displ\",\"displ\",\"displ\",\"displ\",\"year\",\"year\",\"year\",\"year\",\"year\",\"year\",\"cyl\",\"cyl\",\"cyl\",\"cyl\",\"cyl\",\"cyl\",\"cty\",\"cty\",\"cty\",\"cty\",\"cty\",\"cty\",\"hwy\",\"hwy\",\"hwy\",\"hwy\",\"hwy\",\"hwy\"],\n",
       "\"..y..\":[\"Unnamed: 0\",\"displ\",\"year\",\"cyl\",\"cty\",\"hwy\",\"Unnamed: 0\",\"displ\",\"year\",\"cyl\",\"cty\",\"hwy\",\"Unnamed: 0\",\"displ\",\"year\",\"cyl\",\"cty\",\"hwy\",\"Unnamed: 0\",\"displ\",\"year\",\"cyl\",\"cty\",\"hwy\",\"Unnamed: 0\",\"displ\",\"year\",\"cyl\",\"cty\",\"hwy\",\"Unnamed: 0\",\"displ\",\"year\",\"cyl\",\"cty\",\"hwy\"],\n",
       "\"..corr..\":[1.0,-0.40245886963628696,-0.07357708684192776,-0.40769814649915775,0.4018223311281611,0.3270459753983517,-0.40245886963628696,1.0,0.14784281645020295,0.9302271024198506,-0.7985239689348548,-0.7660200208864677,-0.07357708684192776,0.14784281645020295,1.0,0.1222453474355237,-0.0372322908599655,0.0021576430766320123,-0.40769814649915775,0.9302271024198506,0.1222453474355237,1.0,-0.8057714082675279,-0.7619123538971942,0.4018223311281611,-0.7985239689348548,-0.0372322908599655,-0.8057714082675279,1.0,0.9559159136495734,0.3270459753983517,-0.7660200208864677,0.0021576430766320123,-0.7619123538971942,0.9559159136495734,1.0],\n",
       "\"..corr_abs..\":[1.0,0.40245886963628696,0.07357708684192776,0.40769814649915775,0.4018223311281611,0.3270459753983517,0.40245886963628696,1.0,0.14784281645020295,0.9302271024198506,0.7985239689348548,0.7660200208864677,0.07357708684192776,0.14784281645020295,1.0,0.1222453474355237,0.0372322908599655,0.0021576430766320123,0.40769814649915775,0.9302271024198506,0.1222453474355237,1.0,0.8057714082675279,0.7619123538971942,0.4018223311281611,0.7985239689348548,0.0372322908599655,0.8057714082675279,1.0,0.9559159136495734,0.3270459753983517,0.7660200208864677,0.0021576430766320123,0.7619123538971942,0.9559159136495734,1.0]\n",
       "}\n",
       "}]\n",
       "}\n",
       "}]\n",
       "};\n",
       "           var plotContainer = document.getElementById(\"MfCkJi\");\n",
       "           window.letsPlotCall(function() {{\n",
       "               LetsPlot.buildPlotFromProcessedSpecs(plotSpec, -1, -1, plotContainer);\n",
       "           }});\n",
       "       })();    \n",
       "   </script>"
      ],
      "text/plain": [
       "<lets_plot.plot.plot.GGBunch at 0x9be5dc8>"
      ]
     },
     "execution_count": 3,
     "metadata": {},
     "output_type": "execute_result"
    }
   ],
   "source": [
    "p1 = corr_plot(df, flip=False).points().build() + ggtitle('corr_plot(): stat=\"corr\" (default)')\n",
    "p2 = ggplot(df) + geom_point(aes(size='..corr_abs..'), stat='corr', shape=21, color='black') + \\\n",
    "                  scale_fill_gradient2(name='Corr', low='#ca0020', mid='#f7f7f7', high='#0571b0') + \\\n",
    "                  scale_size_area(name='', max_size=1) + \\\n",
    "                  coord_fixed() + \\\n",
    "                  ggtitle('geom_point(): stat=\"corr\"') + \\\n",
    "                  theme(axis_title='blank')\n",
    "\n",
    "w, h = 400, 300\n",
    "bunch = GGBunch()\n",
    "bunch.add_plot(p1, 0, 0, w, h)\n",
    "bunch.add_plot(p2, w, 0, w, h)\n",
    "bunch"
   ]
  }
 ],
 "metadata": {
  "kernelspec": {
   "display_name": "Python 3",
   "language": "python",
   "name": "python3"
  },
  "language_info": {
   "codemirror_mode": {
    "name": "ipython",
    "version": 3
   },
   "file_extension": ".py",
   "mimetype": "text/x-python",
   "name": "python",
   "nbconvert_exporter": "python",
   "pygments_lexer": "ipython3",
   "version": "3.7.10"
  }
 },
 "nbformat": 4,
 "nbformat_minor": 5
}
