{
 "cells": [
  {
   "cell_type": "markdown",
   "id": "appointed-annotation",
   "metadata": {},
   "source": [
    "# geom_tile()"
   ]
  },
  {
   "cell_type": "code",
   "execution_count": 1,
   "id": "declared-manchester",
   "metadata": {},
   "outputs": [
    {
     "data": {
      "text/html": [
       "\n",
       "            <div id=\"BkTCAl\"></div>\n",
       "            <script type=\"text/javascript\" data-lets-plot-script=\"library\">\n",
       "                if(!window.letsPlotCallQueue) {\n",
       "                    window.letsPlotCallQueue = [];\n",
       "                }; \n",
       "                window.letsPlotCall = function(f) {\n",
       "                    window.letsPlotCallQueue.push(f);\n",
       "                };\n",
       "                (function() {\n",
       "                    var script = document.createElement(\"script\");\n",
       "                    script.type = \"text/javascript\";\n",
       "                    script.src = \"https://cdn.jsdelivr.net/gh/JetBrains/lets-plot@v2.0.4/js-package/distr/lets-plot.min.js\";\n",
       "                    script.onload = function() {\n",
       "                        window.letsPlotCall = function(f) {f();};\n",
       "                        window.letsPlotCallQueue.forEach(function(f) {f();});\n",
       "                        window.letsPlotCallQueue = [];\n",
       "                        \n",
       "                    };\n",
       "                    script.onerror = function(event) {\n",
       "                        window.letsPlotCall = function(f) {};    // noop\n",
       "                        window.letsPlotCallQueue = [];\n",
       "                        var div = document.createElement(\"div\");\n",
       "                        div.style.color = 'darkred';\n",
       "                        div.textContent = 'Error loading Lets-Plot JS';\n",
       "                        document.getElementById(\"BkTCAl\").appendChild(div);\n",
       "                    };\n",
       "                    var e = document.getElementById(\"BkTCAl\");\n",
       "                    e.appendChild(script);\n",
       "                })()\n",
       "            </script>\n",
       "            "
      ]
     },
     "metadata": {},
     "output_type": "display_data"
    }
   ],
   "source": [
    "import numpy as np\n",
    "from scipy.stats import multivariate_normal\n",
    "\n",
    "from lets_plot import *\n",
    "LetsPlot.setup_html()"
   ]
  },
  {
   "cell_type": "code",
   "execution_count": 2,
   "id": "explicit-membrane",
   "metadata": {},
   "outputs": [],
   "source": [
    "np.random.seed(42)\n",
    "n = 25\n",
    "x = np.linspace(-1, 1, n)\n",
    "y = np.linspace(-1, 1, n)\n",
    "X, Y = np.meshgrid(x, y)\n",
    "mean = np.zeros(2)\n",
    "cov = [[1, .5],\n",
    "       [.5, 1]]\n",
    "rv = multivariate_normal(mean, cov)\n",
    "Z = rv.pdf(np.dstack((X, Y)))\n",
    "data = {'x': X.flatten(), 'y': Y.flatten(), 'z': Z.flatten()}"
   ]
  },
  {
   "cell_type": "code",
   "execution_count": 3,
   "id": "aerial-decimal",
   "metadata": {},
   "outputs": [
    {
     "data": {
      "text/html": [
       "   <div id=\"jgsN5R\"></div>\n",
       "   <script type=\"text/javascript\" data-lets-plot-script=\"plot\">\n",
       "       (function() {\n",
       "           var plotSpec={\n",
       "\"data\":{\n",
       "\"x\":[-1.0,-0.9166666666666666,-0.8333333333333334,-0.75,-0.6666666666666667,-0.5833333333333334,-0.5,-0.41666666666666674,-0.33333333333333337,-0.25,-0.16666666666666674,-0.08333333333333337,0.0,0.08333333333333326,0.16666666666666652,0.25,0.33333333333333326,0.4166666666666665,0.5,0.5833333333333333,0.6666666666666665,0.75,0.8333333333333333,0.9166666666666665,1.0,-1.0,-0.9166666666666666,-0.8333333333333334,-0.75,-0.6666666666666667,-0.5833333333333334,-0.5,-0.41666666666666674,-0.33333333333333337,-0.25,-0.16666666666666674,-0.08333333333333337,0.0,0.08333333333333326,0.16666666666666652,0.25,0.33333333333333326,0.4166666666666665,0.5,0.5833333333333333,0.6666666666666665,0.75,0.8333333333333333,0.9166666666666665,1.0,-1.0,-0.9166666666666666,-0.8333333333333334,-0.75,-0.6666666666666667,-0.5833333333333334,-0.5,-0.41666666666666674,-0.33333333333333337,-0.25,-0.16666666666666674,-0.08333333333333337,0.0,0.08333333333333326,0.16666666666666652,0.25,0.33333333333333326,0.4166666666666665,0.5,0.5833333333333333,0.6666666666666665,0.75,0.8333333333333333,0.9166666666666665,1.0,-1.0,-0.9166666666666666,-0.8333333333333334,-0.75,-0.6666666666666667,-0.5833333333333334,-0.5,-0.41666666666666674,-0.33333333333333337,-0.25,-0.16666666666666674,-0.08333333333333337,0.0,0.08333333333333326,0.16666666666666652,0.25,0.33333333333333326,0.4166666666666665,0.5,0.5833333333333333,0.6666666666666665,0.75,0.8333333333333333,0.9166666666666665,1.0,-1.0,-0.9166666666666666,-0.8333333333333334,-0.75,-0.6666666666666667,-0.5833333333333334,-0.5,-0.41666666666666674,-0.33333333333333337,-0.25,-0.16666666666666674,-0.08333333333333337,0.0,0.08333333333333326,0.16666666666666652,0.25,0.33333333333333326,0.4166666666666665,0.5,0.5833333333333333,0.6666666666666665,0.75,0.8333333333333333,0.9166666666666665,1.0,-1.0,-0.9166666666666666,-0.8333333333333334,-0.75,-0.6666666666666667,-0.5833333333333334,-0.5,-0.41666666666666674,-0.33333333333333337,-0.25,-0.16666666666666674,-0.08333333333333337,0.0,0.08333333333333326,0.16666666666666652,0.25,0.33333333333333326,0.4166666666666665,0.5,0.5833333333333333,0.6666666666666665,0.75,0.8333333333333333,0.9166666666666665,1.0,-1.0,-0.9166666666666666,-0.8333333333333334,-0.75,-0.6666666666666667,-0.5833333333333334,-0.5,-0.41666666666666674,-0.33333333333333337,-0.25,-0.16666666666666674,-0.08333333333333337,0.0,0.08333333333333326,0.16666666666666652,0.25,0.33333333333333326,0.4166666666666665,0.5,0.5833333333333333,0.6666666666666665,0.75,0.8333333333333333,0.9166666666666665,1.0,-1.0,-0.9166666666666666,-0.8333333333333334,-0.75,-0.6666666666666667,-0.5833333333333334,-0.5,-0.41666666666666674,-0.33333333333333337,-0.25,-0.16666666666666674,-0.08333333333333337,0.0,0.08333333333333326,0.16666666666666652,0.25,0.33333333333333326,0.4166666666666665,0.5,0.5833333333333333,0.6666666666666665,0.75,0.8333333333333333,0.9166666666666665,1.0,-1.0,-0.9166666666666666,-0.8333333333333334,-0.75,-0.6666666666666667,-0.5833333333333334,-0.5,-0.41666666666666674,-0.33333333333333337,-0.25,-0.16666666666666674,-0.08333333333333337,0.0,0.08333333333333326,0.16666666666666652,0.25,0.33333333333333326,0.4166666666666665,0.5,0.5833333333333333,0.6666666666666665,0.75,0.8333333333333333,0.9166666666666665,1.0,-1.0,-0.9166666666666666,-0.8333333333333334,-0.75,-0.6666666666666667,-0.5833333333333334,-0.5,-0.41666666666666674,-0.33333333333333337,-0.25,-0.16666666666666674,-0.08333333333333337,0.0,0.08333333333333326,0.16666666666666652,0.25,0.33333333333333326,0.4166666666666665,0.5,0.5833333333333333,0.6666666666666665,0.75,0.8333333333333333,0.9166666666666665,1.0,-1.0,-0.9166666666666666,-0.8333333333333334,-0.75,-0.6666666666666667,-0.5833333333333334,-0.5,-0.41666666666666674,-0.33333333333333337,-0.25,-0.16666666666666674,-0.08333333333333337,0.0,0.08333333333333326,0.16666666666666652,0.25,0.33333333333333326,0.4166666666666665,0.5,0.5833333333333333,0.6666666666666665,0.75,0.8333333333333333,0.9166666666666665,1.0,-1.0,-0.9166666666666666,-0.8333333333333334,-0.75,-0.6666666666666667,-0.5833333333333334,-0.5,-0.41666666666666674,-0.33333333333333337,-0.25,-0.16666666666666674,-0.08333333333333337,0.0,0.08333333333333326,0.16666666666666652,0.25,0.33333333333333326,0.4166666666666665,0.5,0.5833333333333333,0.6666666666666665,0.75,0.8333333333333333,0.9166666666666665,1.0,-1.0,-0.9166666666666666,-0.8333333333333334,-0.75,-0.6666666666666667,-0.5833333333333334,-0.5,-0.41666666666666674,-0.33333333333333337,-0.25,-0.16666666666666674,-0.08333333333333337,0.0,0.08333333333333326,0.16666666666666652,0.25,0.33333333333333326,0.4166666666666665,0.5,0.5833333333333333,0.6666666666666665,0.75,0.8333333333333333,0.9166666666666665,1.0,-1.0,-0.9166666666666666,-0.8333333333333334,-0.75,-0.6666666666666667,-0.5833333333333334,-0.5,-0.41666666666666674,-0.33333333333333337,-0.25,-0.16666666666666674,-0.08333333333333337,0.0,0.08333333333333326,0.16666666666666652,0.25,0.33333333333333326,0.4166666666666665,0.5,0.5833333333333333,0.6666666666666665,0.75,0.8333333333333333,0.9166666666666665,1.0,-1.0,-0.9166666666666666,-0.8333333333333334,-0.75,-0.6666666666666667,-0.5833333333333334,-0.5,-0.41666666666666674,-0.33333333333333337,-0.25,-0.16666666666666674,-0.08333333333333337,0.0,0.08333333333333326,0.16666666666666652,0.25,0.33333333333333326,0.4166666666666665,0.5,0.5833333333333333,0.6666666666666665,0.75,0.8333333333333333,0.9166666666666665,1.0,-1.0,-0.9166666666666666,-0.8333333333333334,-0.75,-0.6666666666666667,-0.5833333333333334,-0.5,-0.41666666666666674,-0.33333333333333337,-0.25,-0.16666666666666674,-0.08333333333333337,0.0,0.08333333333333326,0.16666666666666652,0.25,0.33333333333333326,0.4166666666666665,0.5,0.5833333333333333,0.6666666666666665,0.75,0.8333333333333333,0.9166666666666665,1.0,-1.0,-0.9166666666666666,-0.8333333333333334,-0.75,-0.6666666666666667,-0.5833333333333334,-0.5,-0.41666666666666674,-0.33333333333333337,-0.25,-0.16666666666666674,-0.08333333333333337,0.0,0.08333333333333326,0.16666666666666652,0.25,0.33333333333333326,0.4166666666666665,0.5,0.5833333333333333,0.6666666666666665,0.75,0.8333333333333333,0.9166666666666665,1.0,-1.0,-0.9166666666666666,-0.8333333333333334,-0.75,-0.6666666666666667,-0.5833333333333334,-0.5,-0.41666666666666674,-0.33333333333333337,-0.25,-0.16666666666666674,-0.08333333333333337,0.0,0.08333333333333326,0.16666666666666652,0.25,0.33333333333333326,0.4166666666666665,0.5,0.5833333333333333,0.6666666666666665,0.75,0.8333333333333333,0.9166666666666665,1.0,-1.0,-0.9166666666666666,-0.8333333333333334,-0.75,-0.6666666666666667,-0.5833333333333334,-0.5,-0.41666666666666674,-0.33333333333333337,-0.25,-0.16666666666666674,-0.08333333333333337,0.0,0.08333333333333326,0.16666666666666652,0.25,0.33333333333333326,0.4166666666666665,0.5,0.5833333333333333,0.6666666666666665,0.75,0.8333333333333333,0.9166666666666665,1.0,-1.0,-0.9166666666666666,-0.8333333333333334,-0.75,-0.6666666666666667,-0.5833333333333334,-0.5,-0.41666666666666674,-0.33333333333333337,-0.25,-0.16666666666666674,-0.08333333333333337,0.0,0.08333333333333326,0.16666666666666652,0.25,0.33333333333333326,0.4166666666666665,0.5,0.5833333333333333,0.6666666666666665,0.75,0.8333333333333333,0.9166666666666665,1.0,-1.0,-0.9166666666666666,-0.8333333333333334,-0.75,-0.6666666666666667,-0.5833333333333334,-0.5,-0.41666666666666674,-0.33333333333333337,-0.25,-0.16666666666666674,-0.08333333333333337,0.0,0.08333333333333326,0.16666666666666652,0.25,0.33333333333333326,0.4166666666666665,0.5,0.5833333333333333,0.6666666666666665,0.75,0.8333333333333333,0.9166666666666665,1.0,-1.0,-0.9166666666666666,-0.8333333333333334,-0.75,-0.6666666666666667,-0.5833333333333334,-0.5,-0.41666666666666674,-0.33333333333333337,-0.25,-0.16666666666666674,-0.08333333333333337,0.0,0.08333333333333326,0.16666666666666652,0.25,0.33333333333333326,0.4166666666666665,0.5,0.5833333333333333,0.6666666666666665,0.75,0.8333333333333333,0.9166666666666665,1.0,-1.0,-0.9166666666666666,-0.8333333333333334,-0.75,-0.6666666666666667,-0.5833333333333334,-0.5,-0.41666666666666674,-0.33333333333333337,-0.25,-0.16666666666666674,-0.08333333333333337,0.0,0.08333333333333326,0.16666666666666652,0.25,0.33333333333333326,0.4166666666666665,0.5,0.5833333333333333,0.6666666666666665,0.75,0.8333333333333333,0.9166666666666665,1.0,-1.0,-0.9166666666666666,-0.8333333333333334,-0.75,-0.6666666666666667,-0.5833333333333334,-0.5,-0.41666666666666674,-0.33333333333333337,-0.25,-0.16666666666666674,-0.08333333333333337,0.0,0.08333333333333326,0.16666666666666652,0.25,0.33333333333333326,0.4166666666666665,0.5,0.5833333333333333,0.6666666666666665,0.75,0.8333333333333333,0.9166666666666665,1.0,-1.0,-0.9166666666666666,-0.8333333333333334,-0.75,-0.6666666666666667,-0.5833333333333334,-0.5,-0.41666666666666674,-0.33333333333333337,-0.25,-0.16666666666666674,-0.08333333333333337,0.0,0.08333333333333326,0.16666666666666652,0.25,0.33333333333333326,0.4166666666666665,0.5,0.5833333333333333,0.6666666666666665,0.75,0.8333333333333333,0.9166666666666665,1.0],\n",
       "\"y\":[-1.0,-1.0,-1.0,-1.0,-1.0,-1.0,-1.0,-1.0,-1.0,-1.0,-1.0,-1.0,-1.0,-1.0,-1.0,-1.0,-1.0,-1.0,-1.0,-1.0,-1.0,-1.0,-1.0,-1.0,-1.0,-0.9166666666666666,-0.9166666666666666,-0.9166666666666666,-0.9166666666666666,-0.9166666666666666,-0.9166666666666666,-0.9166666666666666,-0.9166666666666666,-0.9166666666666666,-0.9166666666666666,-0.9166666666666666,-0.9166666666666666,-0.9166666666666666,-0.9166666666666666,-0.9166666666666666,-0.9166666666666666,-0.9166666666666666,-0.9166666666666666,-0.9166666666666666,-0.9166666666666666,-0.9166666666666666,-0.9166666666666666,-0.9166666666666666,-0.9166666666666666,-0.9166666666666666,-0.8333333333333334,-0.8333333333333334,-0.8333333333333334,-0.8333333333333334,-0.8333333333333334,-0.8333333333333334,-0.8333333333333334,-0.8333333333333334,-0.8333333333333334,-0.8333333333333334,-0.8333333333333334,-0.8333333333333334,-0.8333333333333334,-0.8333333333333334,-0.8333333333333334,-0.8333333333333334,-0.8333333333333334,-0.8333333333333334,-0.8333333333333334,-0.8333333333333334,-0.8333333333333334,-0.8333333333333334,-0.8333333333333334,-0.8333333333333334,-0.8333333333333334,-0.75,-0.75,-0.75,-0.75,-0.75,-0.75,-0.75,-0.75,-0.75,-0.75,-0.75,-0.75,-0.75,-0.75,-0.75,-0.75,-0.75,-0.75,-0.75,-0.75,-0.75,-0.75,-0.75,-0.75,-0.75,-0.6666666666666667,-0.6666666666666667,-0.6666666666666667,-0.6666666666666667,-0.6666666666666667,-0.6666666666666667,-0.6666666666666667,-0.6666666666666667,-0.6666666666666667,-0.6666666666666667,-0.6666666666666667,-0.6666666666666667,-0.6666666666666667,-0.6666666666666667,-0.6666666666666667,-0.6666666666666667,-0.6666666666666667,-0.6666666666666667,-0.6666666666666667,-0.6666666666666667,-0.6666666666666667,-0.6666666666666667,-0.6666666666666667,-0.6666666666666667,-0.6666666666666667,-0.5833333333333334,-0.5833333333333334,-0.5833333333333334,-0.5833333333333334,-0.5833333333333334,-0.5833333333333334,-0.5833333333333334,-0.5833333333333334,-0.5833333333333334,-0.5833333333333334,-0.5833333333333334,-0.5833333333333334,-0.5833333333333334,-0.5833333333333334,-0.5833333333333334,-0.5833333333333334,-0.5833333333333334,-0.5833333333333334,-0.5833333333333334,-0.5833333333333334,-0.5833333333333334,-0.5833333333333334,-0.5833333333333334,-0.5833333333333334,-0.5833333333333334,-0.5,-0.5,-0.5,-0.5,-0.5,-0.5,-0.5,-0.5,-0.5,-0.5,-0.5,-0.5,-0.5,-0.5,-0.5,-0.5,-0.5,-0.5,-0.5,-0.5,-0.5,-0.5,-0.5,-0.5,-0.5,-0.41666666666666674,-0.41666666666666674,-0.41666666666666674,-0.41666666666666674,-0.41666666666666674,-0.41666666666666674,-0.41666666666666674,-0.41666666666666674,-0.41666666666666674,-0.41666666666666674,-0.41666666666666674,-0.41666666666666674,-0.41666666666666674,-0.41666666666666674,-0.41666666666666674,-0.41666666666666674,-0.41666666666666674,-0.41666666666666674,-0.41666666666666674,-0.41666666666666674,-0.41666666666666674,-0.41666666666666674,-0.41666666666666674,-0.41666666666666674,-0.41666666666666674,-0.33333333333333337,-0.33333333333333337,-0.33333333333333337,-0.33333333333333337,-0.33333333333333337,-0.33333333333333337,-0.33333333333333337,-0.33333333333333337,-0.33333333333333337,-0.33333333333333337,-0.33333333333333337,-0.33333333333333337,-0.33333333333333337,-0.33333333333333337,-0.33333333333333337,-0.33333333333333337,-0.33333333333333337,-0.33333333333333337,-0.33333333333333337,-0.33333333333333337,-0.33333333333333337,-0.33333333333333337,-0.33333333333333337,-0.33333333333333337,-0.33333333333333337,-0.25,-0.25,-0.25,-0.25,-0.25,-0.25,-0.25,-0.25,-0.25,-0.25,-0.25,-0.25,-0.25,-0.25,-0.25,-0.25,-0.25,-0.25,-0.25,-0.25,-0.25,-0.25,-0.25,-0.25,-0.25,-0.16666666666666674,-0.16666666666666674,-0.16666666666666674,-0.16666666666666674,-0.16666666666666674,-0.16666666666666674,-0.16666666666666674,-0.16666666666666674,-0.16666666666666674,-0.16666666666666674,-0.16666666666666674,-0.16666666666666674,-0.16666666666666674,-0.16666666666666674,-0.16666666666666674,-0.16666666666666674,-0.16666666666666674,-0.16666666666666674,-0.16666666666666674,-0.16666666666666674,-0.16666666666666674,-0.16666666666666674,-0.16666666666666674,-0.16666666666666674,-0.16666666666666674,-0.08333333333333337,-0.08333333333333337,-0.08333333333333337,-0.08333333333333337,-0.08333333333333337,-0.08333333333333337,-0.08333333333333337,-0.08333333333333337,-0.08333333333333337,-0.08333333333333337,-0.08333333333333337,-0.08333333333333337,-0.08333333333333337,-0.08333333333333337,-0.08333333333333337,-0.08333333333333337,-0.08333333333333337,-0.08333333333333337,-0.08333333333333337,-0.08333333333333337,-0.08333333333333337,-0.08333333333333337,-0.08333333333333337,-0.08333333333333337,-0.08333333333333337,0.0,0.0,0.0,0.0,0.0,0.0,0.0,0.0,0.0,0.0,0.0,0.0,0.0,0.0,0.0,0.0,0.0,0.0,0.0,0.0,0.0,0.0,0.0,0.0,0.0,0.08333333333333326,0.08333333333333326,0.08333333333333326,0.08333333333333326,0.08333333333333326,0.08333333333333326,0.08333333333333326,0.08333333333333326,0.08333333333333326,0.08333333333333326,0.08333333333333326,0.08333333333333326,0.08333333333333326,0.08333333333333326,0.08333333333333326,0.08333333333333326,0.08333333333333326,0.08333333333333326,0.08333333333333326,0.08333333333333326,0.08333333333333326,0.08333333333333326,0.08333333333333326,0.08333333333333326,0.08333333333333326,0.16666666666666652,0.16666666666666652,0.16666666666666652,0.16666666666666652,0.16666666666666652,0.16666666666666652,0.16666666666666652,0.16666666666666652,0.16666666666666652,0.16666666666666652,0.16666666666666652,0.16666666666666652,0.16666666666666652,0.16666666666666652,0.16666666666666652,0.16666666666666652,0.16666666666666652,0.16666666666666652,0.16666666666666652,0.16666666666666652,0.16666666666666652,0.16666666666666652,0.16666666666666652,0.16666666666666652,0.16666666666666652,0.25,0.25,0.25,0.25,0.25,0.25,0.25,0.25,0.25,0.25,0.25,0.25,0.25,0.25,0.25,0.25,0.25,0.25,0.25,0.25,0.25,0.25,0.25,0.25,0.25,0.33333333333333326,0.33333333333333326,0.33333333333333326,0.33333333333333326,0.33333333333333326,0.33333333333333326,0.33333333333333326,0.33333333333333326,0.33333333333333326,0.33333333333333326,0.33333333333333326,0.33333333333333326,0.33333333333333326,0.33333333333333326,0.33333333333333326,0.33333333333333326,0.33333333333333326,0.33333333333333326,0.33333333333333326,0.33333333333333326,0.33333333333333326,0.33333333333333326,0.33333333333333326,0.33333333333333326,0.33333333333333326,0.4166666666666665,0.4166666666666665,0.4166666666666665,0.4166666666666665,0.4166666666666665,0.4166666666666665,0.4166666666666665,0.4166666666666665,0.4166666666666665,0.4166666666666665,0.4166666666666665,0.4166666666666665,0.4166666666666665,0.4166666666666665,0.4166666666666665,0.4166666666666665,0.4166666666666665,0.4166666666666665,0.4166666666666665,0.4166666666666665,0.4166666666666665,0.4166666666666665,0.4166666666666665,0.4166666666666665,0.4166666666666665,0.5,0.5,0.5,0.5,0.5,0.5,0.5,0.5,0.5,0.5,0.5,0.5,0.5,0.5,0.5,0.5,0.5,0.5,0.5,0.5,0.5,0.5,0.5,0.5,0.5,0.5833333333333333,0.5833333333333333,0.5833333333333333,0.5833333333333333,0.5833333333333333,0.5833333333333333,0.5833333333333333,0.5833333333333333,0.5833333333333333,0.5833333333333333,0.5833333333333333,0.5833333333333333,0.5833333333333333,0.5833333333333333,0.5833333333333333,0.5833333333333333,0.5833333333333333,0.5833333333333333,0.5833333333333333,0.5833333333333333,0.5833333333333333,0.5833333333333333,0.5833333333333333,0.5833333333333333,0.5833333333333333,0.6666666666666665,0.6666666666666665,0.6666666666666665,0.6666666666666665,0.6666666666666665,0.6666666666666665,0.6666666666666665,0.6666666666666665,0.6666666666666665,0.6666666666666665,0.6666666666666665,0.6666666666666665,0.6666666666666665,0.6666666666666665,0.6666666666666665,0.6666666666666665,0.6666666666666665,0.6666666666666665,0.6666666666666665,0.6666666666666665,0.6666666666666665,0.6666666666666665,0.6666666666666665,0.6666666666666665,0.6666666666666665,0.75,0.75,0.75,0.75,0.75,0.75,0.75,0.75,0.75,0.75,0.75,0.75,0.75,0.75,0.75,0.75,0.75,0.75,0.75,0.75,0.75,0.75,0.75,0.75,0.75,0.8333333333333333,0.8333333333333333,0.8333333333333333,0.8333333333333333,0.8333333333333333,0.8333333333333333,0.8333333333333333,0.8333333333333333,0.8333333333333333,0.8333333333333333,0.8333333333333333,0.8333333333333333,0.8333333333333333,0.8333333333333333,0.8333333333333333,0.8333333333333333,0.8333333333333333,0.8333333333333333,0.8333333333333333,0.8333333333333333,0.8333333333333333,0.8333333333333333,0.8333333333333333,0.8333333333333333,0.8333333333333333,0.9166666666666665,0.9166666666666665,0.9166666666666665,0.9166666666666665,0.9166666666666665,0.9166666666666665,0.9166666666666665,0.9166666666666665,0.9166666666666665,0.9166666666666665,0.9166666666666665,0.9166666666666665,0.9166666666666665,0.9166666666666665,0.9166666666666665,0.9166666666666665,0.9166666666666665,0.9166666666666665,0.9166666666666665,0.9166666666666665,0.9166666666666665,0.9166666666666665,0.9166666666666665,0.9166666666666665,0.9166666666666665,1.0,1.0,1.0,1.0,1.0,1.0,1.0,1.0,1.0,1.0,1.0,1.0,1.0,1.0,1.0,1.0,1.0,1.0,1.0,1.0,1.0,1.0,1.0,1.0,1.0],\n",
       "\"z\":[0.09435389770895924,0.09928341203043321,0.10350761394903088,0.10691697322973275,0.10942077049945219,0.11095110615376447,0.11146595955293902,0.11095110615376447,0.10942077049945219,0.10691697322973275,0.10350761394903088,0.09928341203043316,0.09435389770895924,0.08884270059231243,0.08288241797566255,0.07660935895088314,0.07015845213114369,0.06365857669032438,0.057228531823873385,0.05097380337239081,0.04498422358909109,0.03933255636349614,0.03407398069674873,0.02924639405290651,0.024871417406145683,0.09928341203043321,0.10495524945183317,0.10992852258579798,0.11407628564770822,0.1172894926269826,0.1194817563563897,0.1205932065773863,0.1205932065773863,0.1194817563563897,0.1172894926269826,0.11407628564770822,0.10992852258579798,0.10495524945183317,0.09928341203043321,0.09305248541310311,0.08640880835519033,0.07949994150196846,0.07246934850646522,0.06545165911539312,0.05856871792718536,0.05192655726176619,0.04561336338518021,0.03969843798254576,0.034232096333386176,0.02924639405290651,0.10350761394903088,0.10992852258579798,0.11567173234801334,0.1205932065773863,0.12456533531601865,0.12748242450255767,0.12926536661330992,0.12986520482766875,0.12926536661330998,0.12748242450255767,0.12456533531601865,0.1205932065773863,0.11567173234801328,0.10992852258579798,0.10350761394903088,0.09656349104418643,0.08925496296605039,0.08173923046054231,0.07416644627726492,0.06667501932519918,0.059387847575626096,0.05240959153665606,0.04582502594539027,0.03969843798254576,0.034073980696748704,0.10691697322973275,0.11407628564770822,0.1205932065773863,0.12630747963702227,0.13107324457371128,0.13476520791095592,0.13728411110229968,0.13856116343461428,0.13856116343461428,0.13728411110229968,0.13476520791095592,0.13107324457371128,0.12630747963702227,0.1205932065773863,0.11407628564770822,0.10691697322973275,0.09928341203043316,0.09134514870394181,0.08326702247494029,0.07520372244132098,0.06729524761128919,0.05966342874154612,0.0524095915366561,0.04561336338518021,0.03933255636349614,0.10942077049945219,0.1172894926269826,0.12456533531601865,0.13107324457371128,0.1366500054835335,0.14115101701909705,0.14445651211828173,0.14647685021298834,0.1471565559576794,0.14647685021298834,0.14445651211828173,0.14115101701909705,0.1366500054835335,0.13107324457371128,0.12456533531601865,0.1172894926269826,0.10942077049945219,0.10113912321351687,0.09262268255123628,0.08404159386854662,0.0755526950065502,0.06729524761128915,0.059387847575626096,0.05192655726176616,0.04498422358909106,0.11095110615376447,0.1194817563563897,0.12748242450255767,0.13476520791095592,0.14115101701909705,0.14647685021298834,0.1506026896434551,0.15341761199209647,0.15484474232523934,0.15484474232523934,0.15341761199209647,0.1506026896434551,0.14647685021298834,0.14115101701909705,0.13476520791095592,0.12748242450255767,0.1194817563563897,0.11095110615376447,0.10207994551371607,0.09305248541310311,0.08404159386854662,0.07520372244132098,0.06667501932519918,0.05856871792718536,0.05097380337239077,0.11146595955293902,0.1205932065773863,0.12926536661330992,0.13728411110229968,0.14445651211828173,0.1506026896434551,0.15556327812622517,0.1592062816576115,0.16143290689611994,0.16218201417170594,0.16143290689611994,0.1592062816576115,0.15556327812622517,0.1506026896434551,0.14445651211828173,0.13728411110229966,0.12926536661330998,0.1205932065773863,0.11146595955293902,0.10207994551371612,0.09262268255123632,0.08326702247494029,0.07416644627726492,0.06545165911539312,0.057228531823873385,0.11095110615376447,0.1205932065773863,0.12986520482766875,0.13856116343461428,0.14647685021298834,0.15341761199209647,0.1592062816576115,0.1636906732422602,0.16675022374208628,0.16830137748037385,0.16830137748037385,0.16675022374208628,0.1636906732422602,0.1592062816576115,0.15341761199209647,0.14647685021298834,0.13856116343461428,0.12986520482766875,0.1205932065773863,0.11095110615376441,0.10113912321351687,0.09134514870394181,0.08173923046054231,0.07246934850646518,0.06365857669032435,0.10942077049945219,0.1194817563563897,0.12926536661330998,0.13856116343461428,0.1471565559576794,0.15484474232523934,0.16143290689611994,0.16675022374208628,0.17065520479718446,0.1730419522428753,0.17384492970205068,0.1730419522428753,0.17065520479718446,0.16675022374208628,0.16143290689611994,0.15484474232523934,0.1471565559576794,0.13856116343461428,0.12926536661330992,0.1194817563563897,0.10942077049945219,0.09928341203043316,0.08925496296605039,0.07949994150196846,0.07015845213114366,0.10691697322973275,0.1172894926269826,0.12748242450255767,0.13728411110229968,0.14647685021298834,0.15484474232523934,0.16218201417170594,0.16830137748037385,0.1730419522428753,0.1762762879627365,0.17791605561586885,0.17791605561586885,0.1762762879627365,0.1730419522428753,0.16830137748037388,0.16218201417170594,0.15484474232523934,0.14647685021298837,0.13728411110229966,0.12748242450255773,0.1172894926269826,0.10691697322973275,0.09656349104418643,0.08640880835519033,0.07660935895088314,0.10350761394903088,0.11407628564770822,0.12456533531601865,0.13476520791095592,0.14445651211828173,0.15341761199209647,0.16143290689611994,0.16830137748037385,0.17384492970205068,0.17791605561586885,0.1804043517788439,0.18124149344384458,0.1804043517788439,0.17791605561586885,0.17384492970205068,0.16830137748037385,0.16143290689611994,0.15341761199209647,0.14445651211828173,0.13476520791095592,0.12456533531601865,0.11407628564770816,0.10350761394903088,0.09305248541310311,0.08288241797566255,0.09928341203043316,0.10992852258579798,0.1205932065773863,0.13107324457371128,0.14115101701909705,0.1506026896434551,0.1592062816576115,0.16675022374208628,0.1730419522428753,0.17791605561586885,0.18124149344384458,0.18292744872341932,0.18292744872341932,0.18124149344384458,0.17791605561586885,0.1730419522428753,0.1667502237420863,0.15920628165761153,0.15060268964345508,0.14115101701909705,0.13107324457371128,0.1205932065773863,0.10992852258579798,0.09928341203043321,0.08884270059231239,0.09435389770895924,0.10495524945183317,0.11567173234801328,0.12630747963702227,0.1366500054835335,0.14647685021298834,0.15556327812622517,0.1636906732422602,0.17065520479718446,0.1762762879627365,0.1804043517788439,0.18292744872341932,0.1837762984739307,0.18292744872341932,0.18040435177884395,0.1762762879627365,0.17065520479718452,0.1636906732422602,0.15556327812622517,0.14647685021298834,0.1366500054835335,0.12630747963702227,0.11567173234801334,0.10495524945183317,0.09435389770895924,0.08884270059231243,0.09928341203043321,0.10992852258579798,0.1205932065773863,0.13107324457371128,0.14115101701909705,0.1506026896434551,0.1592062816576115,0.16675022374208628,0.1730419522428753,0.17791605561586885,0.18124149344384458,0.18292744872341932,0.18292744872341932,0.18124149344384458,0.17791605561586885,0.1730419522428753,0.1667502237420863,0.1592062816576115,0.1506026896434551,0.14115101701909705,0.13107324457371128,0.1205932065773863,0.10992852258579798,0.09928341203043316,0.08288241797566255,0.09305248541310311,0.10350761394903088,0.11407628564770822,0.12456533531601865,0.13476520791095592,0.14445651211828173,0.15341761199209647,0.16143290689611994,0.16830137748037388,0.17384492970205068,0.17791605561586885,0.18040435177884395,0.18124149344384458,0.18040435177884395,0.17791605561586885,0.17384492970205068,0.16830137748037388,0.16143290689611992,0.15341761199209647,0.14445651211828173,0.13476520791095592,0.12456533531601865,0.11407628564770822,0.10350761394903088,0.07660935895088314,0.08640880835519033,0.09656349104418643,0.10691697322973275,0.1172894926269826,0.12748242450255767,0.13728411110229966,0.14647685021298834,0.15484474232523934,0.16218201417170594,0.16830137748037385,0.1730419522428753,0.1762762879627365,0.17791605561586885,0.17791605561586885,0.1762762879627365,0.1730419522428753,0.16830137748037388,0.16218201417170594,0.15484474232523934,0.14647685021298837,0.13728411110229968,0.12748242450255773,0.1172894926269826,0.10691697322973275,0.07015845213114369,0.07949994150196846,0.08925496296605039,0.09928341203043316,0.10942077049945219,0.1194817563563897,0.12926536661330998,0.13856116343461428,0.1471565559576794,0.15484474232523934,0.16143290689611994,0.1667502237420863,0.17065520479718452,0.1730419522428753,0.17384492970205068,0.1730419522428753,0.17065520479718452,0.1667502237420863,0.16143290689611994,0.15484474232523934,0.14715655595767943,0.13856116343461428,0.12926536661330998,0.1194817563563897,0.10942077049945219,0.06365857669032438,0.07246934850646522,0.08173923046054231,0.09134514870394181,0.10113912321351687,0.11095110615376447,0.1205932065773863,0.12986520482766875,0.13856116343461428,0.14647685021298837,0.15341761199209647,0.15920628165761153,0.1636906732422602,0.1667502237420863,0.16830137748037388,0.16830137748037388,0.1667502237420863,0.1636906732422602,0.1592062816576115,0.1534176119920965,0.14647685021298837,0.13856116343461428,0.12986520482766875,0.1205932065773863,0.11095110615376441,0.057228531823873385,0.06545165911539312,0.07416644627726492,0.08326702247494029,0.09262268255123628,0.10207994551371607,0.11146595955293902,0.1205932065773863,0.12926536661330992,0.13728411110229966,0.14445651211828173,0.15060268964345508,0.15556327812622517,0.1592062816576115,0.16143290689611992,0.16218201417170594,0.16143290689611994,0.1592062816576115,0.15556327812622517,0.1506026896434551,0.14445651211828173,0.13728411110229968,0.12926536661330998,0.1205932065773863,0.11146595955293902,0.05097380337239081,0.05856871792718536,0.06667501932519918,0.07520372244132098,0.08404159386854662,0.09305248541310311,0.10207994551371612,0.11095110615376441,0.1194817563563897,0.12748242450255773,0.13476520791095592,0.14115101701909705,0.14647685021298834,0.1506026896434551,0.15341761199209647,0.15484474232523934,0.15484474232523934,0.1534176119920965,0.1506026896434551,0.14647685021298834,0.14115101701909705,0.13476520791095592,0.12748242450255773,0.1194817563563897,0.11095110615376447,0.04498422358909109,0.05192655726176619,0.059387847575626096,0.06729524761128919,0.0755526950065502,0.08404159386854662,0.09262268255123632,0.10113912321351687,0.10942077049945219,0.1172894926269826,0.12456533531601865,0.13107324457371128,0.1366500054835335,0.14115101701909705,0.14445651211828173,0.14647685021298837,0.14715655595767943,0.14647685021298837,0.14445651211828173,0.14115101701909705,0.1366500054835335,0.13107324457371128,0.12456533531601865,0.1172894926269826,0.10942077049945219,0.03933255636349614,0.04561336338518021,0.05240959153665606,0.05966342874154612,0.06729524761128915,0.07520372244132098,0.08326702247494029,0.09134514870394181,0.09928341203043316,0.10691697322973275,0.11407628564770816,0.1205932065773863,0.12630747963702227,0.13107324457371128,0.13476520791095592,0.13728411110229968,0.13856116343461428,0.13856116343461428,0.13728411110229968,0.13476520791095592,0.13107324457371128,0.12630747963702227,0.1205932065773863,0.11407628564770822,0.10691697322973275,0.03407398069674873,0.03969843798254576,0.04582502594539027,0.0524095915366561,0.059387847575626096,0.06667501932519918,0.07416644627726492,0.08173923046054231,0.08925496296605039,0.09656349104418643,0.10350761394903088,0.10992852258579798,0.11567173234801334,0.1205932065773863,0.12456533531601865,0.12748242450255773,0.12926536661330998,0.12986520482766875,0.12926536661330998,0.12748242450255773,0.12456533531601865,0.1205932065773863,0.11567173234801334,0.10992852258579798,0.10350761394903088,0.02924639405290651,0.034232096333386176,0.03969843798254576,0.04561336338518021,0.05192655726176616,0.05856871792718536,0.06545165911539312,0.07246934850646518,0.07949994150196846,0.08640880835519033,0.09305248541310311,0.09928341203043321,0.10495524945183317,0.10992852258579798,0.11407628564770822,0.1172894926269826,0.1194817563563897,0.1205932065773863,0.1205932065773863,0.1194817563563897,0.1172894926269826,0.11407628564770822,0.10992852258579798,0.10495524945183317,0.09928341203043321,0.024871417406145683,0.02924639405290651,0.034073980696748704,0.03933255636349614,0.04498422358909106,0.05097380337239077,0.057228531823873385,0.06365857669032435,0.07015845213114366,0.07660935895088314,0.08288241797566255,0.08884270059231239,0.09435389770895924,0.09928341203043316,0.10350761394903088,0.10691697322973275,0.10942077049945219,0.11095110615376441,0.11146595955293902,0.11095110615376447,0.10942077049945219,0.10691697322973275,0.10350761394903088,0.09928341203043321,0.09435389770895924]\n",
       "},\n",
       "\"mapping\":{\n",
       "\"x\":\"x\",\n",
       "\"y\":\"y\"\n",
       "},\n",
       "\"data_meta\":{\n",
       "},\n",
       "\"kind\":\"plot\",\n",
       "\"scales\":[],\n",
       "\"layers\":[{\n",
       "\"geom\":\"tile\",\n",
       "\"mapping\":{\n",
       "\"fill\":\"z\"\n",
       "},\n",
       "\"data_meta\":{\n",
       "},\n",
       "\"data\":{\n",
       "}\n",
       "}]\n",
       "};\n",
       "           var plotContainer = document.getElementById(\"jgsN5R\");\n",
       "           window.letsPlotCall(function() {{\n",
       "               LetsPlot.buildPlotFromProcessedSpecs(plotSpec, -1, -1, plotContainer);\n",
       "           }});\n",
       "       })();    \n",
       "   </script>"
      ],
      "text/plain": [
       "<lets_plot.plot.core.PlotSpec at 0xa3da608>"
      ]
     },
     "execution_count": 3,
     "metadata": {},
     "output_type": "execute_result"
    }
   ],
   "source": [
    "ggplot(data, aes('x', 'y')) + geom_tile(aes(fill='z'))"
   ]
  }
 ],
 "metadata": {
  "kernelspec": {
   "display_name": "Python 3",
   "language": "python",
   "name": "python3"
  },
  "language_info": {
   "codemirror_mode": {
    "name": "ipython",
    "version": 3
   },
   "file_extension": ".py",
   "mimetype": "text/x-python",
   "name": "python",
   "nbconvert_exporter": "python",
   "pygments_lexer": "ipython3",
   "version": "3.7.10"
  }
 },
 "nbformat": 4,
 "nbformat_minor": 5
}
